65.49
65.575
71.936
66.283
72.365
62.9
68.04
82.558
70.507
66.081
68.781
66.542
88.389
61.972
65.869
71.923
76.409
63.112
84.365
66.339
72.036
63.239
68.129
72.008
74.897
68.218
66.464
63.29
62.968
65.729
77.05
65.788
68.615
66.234
63.29
65.631
64.132
68.39
66.13
70.136
65.942
63.416
85.055
63.649
62.617
67.346
69.167
62.852
67.569
72.146
62.712
72.086
64.228
68.92
70.43
84.896
65.719
62.002
66.013
63.153
74.964
69.957
61.462
61.96
76.383
65.352
82.455
65.98
70.927
64.769
66.194
71.909
72.174
71.492
69.432
64.199
66.968
66.119
66.209
64.721
77.72
65.397
71.792
72.129
77.461
73.769
63.857
62.712
70.177
67.156
66.783
82.328
62.947
61.966
66.972
66.663
66.152
65.68
62.146
60.994
