41.992
43.375
42.519
42.115
41.969
40.82
43.674
42.031
44.35
41.218
43.404
44.016
41.587
43.989
41.182
43.422
43.72
43.935
42.815
41.307
41.998
40.725
42.284
42.015
43.484
43.359
42.541
11.783
41.936
43.323
42.429
41.334
43.699
43.85
42.499
41.267
44.083
42.092
42.904
43.321
40.932
43.402
42.423
40.769
41.978
41.539
43.592
40.879
41.212
43.692
42.685
42.954
41.767
42.83
41.241
42.927
42.173
40.885
41.922
41.309
40.781
42.054
11.854
40.795
42.844
41.679
42.412
42.983
11.746
41.901
40.82
41.555
43.678
42.451
41.69
43.744
42.735
41.206
40.871
41.874
42.28
41.115
42.908
42.727
42.481
41.504
42.768
42.434
11.915
41.783
43.248
42.86
41.953
42.131
42.153
41.123
41.295
40.894
41.26
42.264
7.179
6.833
7.092
