31.228
31.354
30.952
30.967
31.109
31.176
30.882
30.974
31.101
31.092
30.942
31.213
31.039
30.99
30.979
30.998
31.078
31.18
30.948
30.936
30.951
31.2
30.929
30.926
30.919
30.942
31.046
30.897
31.021
31.085
31.016
30.984
30.777
30.778
30.95
31.064
30.776
30.868
31.059
30.916
30.806
30.914
30.965
30.972
31.04
31.116
33.579
31.239
30.897
31.131
30.85
30.92
31.001
31.056
31.043
31.032
30.863
31.35
31.011
30.97
30.941
30.921
31.011
31.097
30.916
31.154
30.894
31.032
31.067
30.98
30.945
31.026
30.795
31.122
30.902
31.004
31.11
31.027
30.908
30.915
30.898
30.908
30.976
31.299
31.015
30.769
30.988
31.083
31.102
30.996
31.02
30.99
31.101
30.968
30.949
31.002
31.113
31.043
31.074
31.147
