76.534
77.967
78.401
77.561
78.882
76.393
77.183
77.25
77.21
77.636
77.256
77.175
78.083
78.543
77.603
78.119
78.14
76.78
77.143
77.58
78.269
78.395
77.162
76.718
76.406
75.932
76.227
75.959
77.63
76.318
77.321
79.154
75.85
77.889
78.428
77.53
79.433
77.538
77.611
76.747
77.321
77.247
75.536
77.825
77.256
76.497
77.159
77.334
75.831
78.157
78.782
77.556
76.535
67.98
76.909
79.548
76.317
78.005
77.716
77.054
77.075
77.636
77.938
77.007
78.328
77.403
79.01
77.41
77.362
77.276
77.281
78.937
77.108
77.674
77.096
76.483
76.087
78.773
76.28
68.962
78.854
78.096
76.89
77.235
77.625
76.102
78.825
78.099
78.181
77.428
76.258
77.503
62.552
77.071
77.01
78.744
77.881
76.271
77.556
78.049
