100	3.862486
100	3.858687
100	2.886702
100	3.867968
100	2.91694
100	3.860258
100	2.902944
100	2.88696
100	3.864621
100	3.851609
175	2.110791
175	2.004459
175	2.484436
175	2.95184
175	2.10709
175	2.447499
175	2.961137
175	2.960062
175	2.959218
175	2.015529
249	1.979759
249	2.423579
249	2.048073
249	2.458414
249	2.454193
249	2.192521
249	2.501888
249	2.024315
249	1.974099
249	2.530958
300	2.302456
300	2.806849
300	3.088377
300	3.063611
300	2.8049
300	2.808642
300	2.280349
300	2.806949
300	3.066542
300	2.299903
105	3.843709
105	2.513776
105	3.83376
105	3.812555
105	2.884565
105	2.881717
105	3.781405
105	2.868837
105	3.813736
105	2.914144
155	2.872693
155	2.893079
155	2.886198
155	2.718437
155	2.886983
155	2.862715
155	2.733648
155	2.729943
155	2.278863
155	2.127663
208	2.529772
208	2.519172
208	2.966693
208	2.536407
208	2.117042
208	2.007049
208	2.017047
208	2.045693
208	2.581641
208	2.536653
307	3.271402
307	3.273159
307	3.272827
307	3.273103
307	3.264872
307	3.27098
307	3.273865
307	3.270598
307	3.272856
307	3.271767
100	3.808436
100	3.780666
100	2.862504
100	2.845696
100	3.77606
100	3.792916
100	3.812484
100	3.78985
100	3.811891
100	3.798268
151	1.994964
151	1.985537
151	1.977192
151	1.994647
151	1.941074
151	1.990626
151	2.011389
151	2.027467
151	1.952383
151	2.008116
201	2.372155
201	2.947881
201	2.340549
201	2.266898
201	1.948501
201	2.391641
201	2.326824
201	2.947348
201	2.495799
201	2.471707
299	2.9542
299	2.375387
299	2.392767
299	2.958516
299	2.384247
299	2.956467
299	2.393612
299	2.385255
299	2.956784
299	2.623481
101	2.954686
101	2.879531
101	3.845023
101	2.886121
101	3.83176
101	2.90822
101	2.918576
101	3.841041
101	3.825845
101	3.837619
156	2.828959
156	2.383513
156	2.415701
156	2.117946
156	2.799951
156	2.515545
156	2.133616
156	2.333445
156	2.835027
156	2.467361
211	1.91055
211	2.963107
211	2.201232
211	2.120446
211	1.989995
211	2.194299
211	2.431448
211	2.433245
211	2.349608
211	1.802441
299	3.165674
299	3.160134
299	3.155038
299	3.164267
299	2.713256
299	3.158978
299	3.159037
299	3.165291
299	3.152401
299	3.161834
129	2.875092
129	2.523275
129	2.939779
129	2.514368
129	2.891466
129	3.842097
129	2.896779
129	2.867714
129	2.924845
129	2.947885
185	2.937207
185	2.94318
185	2.948843
185	2.950594
185	2.938005
185	2.948897
185	2.942336
185	2.944271
185	2.948825
185	2.937871
236	2.878611
236	2.904038
236	2.847647
236	2.910623
236	2.390406
236	2.388627
236	2.885242
236	2.108225
236	2.883433
236	2.896767
286	2.769006
286	2.285836
286	2.290867
286	2.288464
286	2.288587
286	2.293743
286	3.23043
286	2.289454
286	2.287371
286	2.281897
340	3.247773
340	3.2473
340	2.494467
340	3.250992
340	3.238268
340	3.207427
340	3.239775
340	2.329602
340	3.239632
340	2.824971
119	3.885058
119	3.879291
119	3.88778
119	3.889526
119	3.878773
119	3.876156
119	3.877815
119	3.887013
119	3.888225
119	1.94797
213	2.523898
213	2.971027
213	2.545553
213	2.491465
213	2.972013
213	2.973093
213	2.975161
213	2.485903
213	2.565958
213	2.495
300	2.49888
300	2.420204
300	2.511226
300	3.066717
300	2.642418
300	3.067588
300	2.671602
300	3.057524
300	3.061472
300	2.484383
74	2.025731
74	2.008635
74	2.330694
74	2.864944
74	1.994067
74	2.324923
74	1.905488
74	2.317763
74	2.015547
74	2.065905
221	2.755877
221	2.436105
221	2.763025
221	2.41836
221	2.74201
221	2.759911
221	2.740492
221	2.419383
221	2.732837
221	2.832532
278	2.463898
278	2.939293
278	2.647376
278	2.161504
278	2.47068
278	2.951678
278	2.670278
278	2.44996
278	2.660151
278	2.623339
332	2.888205
332	2.668319
332	2.33416
332	2.535975
332	2.296815
332	2.710039
332	2.658344
332	2.516131
332	2.720035
332	2.426816
125	3.829889
125	2.889334
125	2.945123
125	3.82839
125	3.838784
125	3.863759
125	2.903668
125	3.855085
125	3.840022
125	3.839459
180	2.334652
180	2.566378
180	2.482889
180	2.485239
180	2.460633
180	2.495629
180	2.947417
180	2.938793
180	2.426431
180	2.94315
247	2.292685
247	2.277628
247	2.162311
247	2.981008
247	2.103065
247	2.254817
247	2.147383
247	1.684292
247	1.584728
247	1.675218
332	3.267143
332	3.260763
332	3.271562
332	3.264757
332	3.257648
332	3.264941
332	3.267427
332	3.270861
332	3.265236
332	3.271168
100	3.790189
100	2.857584
100	2.825927
100	3.787649
100	3.80278
100	3.832569
100	3.838397
100	3.811157
100	3.806319
100	3.824627
152	2.280913
152	2.21158
152	2.109362
152	2.100383
152	2.06985
152	2.25113
152	2.195277
152	2.21057
152	2.063744
152	2.344917
207	2.492543
207	2.486203
207	1.930567
207	2.966715
207	2.476061
207	2.470843
207	1.988752
207	2.477862
207	2.399385
207	2.504383
301	2.380586
301	3.176776
301	2.1974
301	3.181104
301	2.381338
301	3.179323
301	3.176618
301	3.175895
301	2.380918
301	2.373858
75	2.033469
75	3.412211
75	2.338171
75	2.026991
75	2.803898
75	2.032881
75	2.897332
75	2.022808
75	2.031298
75	2.898948
215	2.970179
215	2.968872
215	2.76625
215	2.778761
215	2.971427
215	2.965134
215	2.648743
215	2.972853
215	2.966544
215	2.965628
301	3.162353
301	2.332123
301	2.828039
301	2.834475
301	2.839161
301	2.854878
301	2.831901
301	2.819845
301	2.834883
301	2.825502
53	3.775279
53	3.788338
53	2.507274
53	2.824932
53	3.791269
53	2.834948
53	3.796305
53	3.78088
53	3.765689
53	3.780815
126	2.881557
126	2.869933
126	2.823843
126	2.800021
126	1.835339
126	2.88107
126	2.877573
126	1.825129
126	2.839224
126	2.839871
210	2.953745
210	2.962868
210	2.954516
210	2.958956
210	2.963178
210	2.953109
210	2.956487
210	2.958765
210	2.959024
210	2.957504
261	2.800177
261	3.138618
261	2.777349
261	2.813651
261	2.783542
261	2.77613
261	2.547587
261	3.152023
261	2.77996
261	2.69349
320	3.283693
320	3.27865
320	2.954919
320	2.952229
320	3.279332
320	3.28296
320	2.953798
320	3.291191
320	3.281035
320	2.953663
103	2.923241
103	2.924345
103	3.87106
103	3.866542
103	3.869597
103	3.875607
103	2.524193
103	3.865702
103	2.537907
103	2.897019
194	2.959413
194	2.957819
194	2.958644
194	2.497267
194	2.499907
194	2.490169
194	2.501794
194	2.507434
194	2.958663
194	2.558417
263	2.241829
263	2.941459
263	2.471811
263	2.803386
263	2.891225
263	1.698225
263	2.090041
263	2.940599
263	1.700147
263	2.868123
315	3.232581
315	3.235975
315	3.217476
315	3.232783
315	2.779941
315	3.245733
315	3.241931
315	3.245951
315	3.231313
315	3.224606
103	3.630296
103	3.848953
103	2.737124
103	3.845125
103	2.90288
103	2.344912
103	3.811716
103	2.916862
103	1.669717
103	3.811439
201	2.429125
201	2.454113
201	2.135436
201	2.495666
201	2.947744
201	2.511189
201	2.437618
201	2.948152
201	2.945964
201	2.948214
252	2.244181
252	2.77172
252	3.101713
252	3.177197
252	2.758024
252	3.165988
252	3.166127
252	2.803973
252	3.158719
252	3.162377
332	3.310435
332	3.302521
332	3.295017
332	3.30456
332	3.302472
332	3.297313
332	3.302557
332	3.307341
332	3.307119
332	2.950885
142	2.027073
142	2.259265
142	3.713947
142	1.998559
142	2.276201
142	2.824572
142	2.843765
142	2.900716
142	1.984247
142	3.543705
211	2.926888
211	2.450357
211	2.46384
211	2.453244
211	2.494068
211	2.936395
211	2.456126
211	2.945944
211	2.49389
211	2.47354
262	2.221307
262	2.785002
262	2.878659
262	2.508919
262	2.734929
262	2.36733
262	2.426842
262	2.725975
262	2.535946
262	2.354299
312	2.850437
312	2.947359
312	2.952086
312	3.238095
312	2.950951
312	2.809147
312	3.246842
312	2.954824
312	2.942699
312	2.949905
109	2.916384
109	2.930441
109	2.919297
109	3.883659
109	2.906458
109	3.874538
109	3.872795
109	3.867416
109	2.906622
109	3.875661
182	2.522301
182	2.935501
182	2.879231
182	2.927475
182	2.930877
182	2.926614
182	2.910262
182	2.924109
182	2.929572
182	2.938345
234	2.91236
234	2.915253
234	2.918669
234	2.912425
234	2.926677
234	2.903916
234	2.924242
234	2.923722
234	2.9159
234	2.89036
299	2.460972
299	2.632004
299	2.453701
299	2.950286
299	2.629187
299	2.945956
299	2.456824
299	2.63035
299	2.45645
299	2.633771
53	2.915838
53	2.931875
53	3.308365
53	3.170548
53	3.297633
53	2.937408
53	3.310493
53	3.281366
53	2.944829
53	2.948396
103	2.878071
103	3.772717
103	3.786994
103	2.871905
103	3.764406
103	3.781262
103	2.824991
103	3.771737
103	3.745382
103	3.777724
161	2.900047
161	2.888937
161	2.842502
161	2.889038
161	2.887238
161	2.885235
161	2.899599
161	2.843142
161	2.878024
161	2.892362
222	2.940251
222	2.949653
222	2.944203
222	2.938603
222	2.942615
222	2.948855
222	2.948154
222	2.949168
222	2.948851
222	2.950975
310	3.262838
310	3.265944
310	2.809739
310	2.79352
310	2.806155
310	3.264084
310	3.257252
310	2.815925
310	3.266851
310	3.264665
128	3.88925
128	2.527944
128	3.870986
128	3.8773
128	3.884595
128	3.878167
128	2.535154
128	3.858267
128	3.883975
128	3.861756
198	2.947495
198	1.990357
198	2.947211
198	1.985719
198	1.978109
198	2.45603
198	2.080067
198	2.583793
198	2.049807
198	2.079174
250	1.76862
250	1.894801
250	2.434303
250	2.483514
250	1.58176
250	2.635251
250	1.789583
250	1.642021
250	2.875907
250	2.953831
313	2.809831
313	3.094574
313	2.811109
313	3.295041
313	3.281046
313	2.823405
313	2.81819
313	3.299751
313	2.815607
313	3.292284
102	3.849666
102	2.950681
102	3.826863
102	2.8912
102	2.947888
102	2.949722
102	2.916995
102	3.861871
102	3.860451
102	2.950244
163	2.437895
163	2.936976
163	2.461534
163	2.451783
163	2.44884
163	2.953408
163	2.952395
163	2.011832
163	2.428114
163	2.949302
228	2.942655
228	2.506606
228	2.925275
228	2.945737
228	2.939479
228	2.447934
228	2.473608
228	2.459501
228	2.428916
228	2.940699
282	3.148023
282	3.140512
282	3.162722
282	3.163195
282	3.161461
282	3.158807
282	3.131488
282	3.172236
282	3.166464
282	2.732247
336	2.951486
336	3.26735
336	3.269761
336	3.26346
336	3.268581
336	3.258463
336	2.790284
336	3.275164
336	3.268584
336	3.273236
117	3.840157
117	3.865881
117	2.890155
117	3.849186
117	3.853449
117	3.860357
117	3.862844
117	3.827702
117	3.826362
117	2.919165
169	2.901141
169	2.845033
169	2.892683
169	2.897078
169	2.418476
169	2.386546
169	2.885957
169	2.896601
169	2.89812
169	2.895079
226	2.461358
226	2.421929
226	2.389033
226	2.458791
226	2.932232
226	1.979536
226	1.987546
226	1.979554
226	1.99044
226	2.367309
326	2.784647
326	2.957094
326	2.646707
326	2.826113
326	2.31471
326	2.675624
326	2.355156
326	2.306959
326	2.816146
326	2.418617
102	2.962526
102	3.876648
102	2.908134
102	2.961879
102	2.531348
102	3.876141
102	2.962056
102	2.958228
102	2.960028
102	2.960417
190	2.583675
190	2.512212
190	2.960216
190	2.3482
190	2.961732
190	2.959533
190	2.520797
190	2.456637
190	2.483442
190	2.955259
250	2.222972
250	2.287593
250	2.358238
250	2.456527
250	2.011001
250	2.857902
250	1.53966
250	2.860102
250	2.498945
250	2.33488
300	3.276423
300	3.273164
300	3.268954
300	3.271639
300	3.267304
300	3.265437
300	3.270059
300	3.277403
300	3.277366
300	3.279842
117	1.864785
117	3.868904
117	2.051661
117	2.875916
117	2.949953
117	2.273876
117	1.765699
117	2.482043
117	2.30776
117	2.871397
215	2.547688
215	2.536123
215	2.51301
215	2.976586
215	2.495566
215	2.512135
215	2.493256
215	2.483041
215	2.491733
215	2.527673
301	2.351985
301	3.070591
301	3.078849
301	3.085777
301	2.644344
301	2.349567
301	3.078483
301	3.07887
301	3.083403
301	3.085932
105	3.873793
105	3.885436
105	2.906093
105	3.875806
105	3.880739
105	3.883744
105	3.872879
105	3.872808
105	3.880887
105	3.878628
188	2.960668
188	2.443284
188	2.450119
188	2.420093
188	2.964082
188	2.469922
188	2.50371
188	2.443875
188	2.431092
188	2.960771
270	2.328714
270	1.555157
270	1.516184
270	2.017242
270	1.554815
270	1.757263
270	1.908906
270	2.003503
270	1.945766
270	1.630812
335	3.298696
335	3.296117
335	3.305185
335	3.303636
335	3.302977
335	3.297106
335	3.286885
335	3.29803
335	3.293399
335	3.302144
50	3.821754
50	3.822998
50	3.820558
50	3.822429
50	3.819895
50	3.831165
50	3.816038
50	3.827451
50	3.821995
50	3.808294
128	2.009827
128	2.247295
128	2.002299
128	2.015929
128	2.247086
128	2.239734
128	2.840068
128	2.011571
128	2.222943
128	2.787893
211	2.961609
211	2.534748
211	2.497143
211	2.958162
211	2.48554
211	2.959609
211	2.498448
211	2.514315
211	2.958305
211	2.959873
270	2.599902
270	2.243871
270	2.593618
270	2.597452
270	2.479387
270	2.199819
270	2.501956
270	2.826666
270	2.478753
270	2.215388
321	2.799024
321	2.804745
321	2.299761
321	2.304852
321	2.563361
321	2.339548
321	2.781427
321	2.328025
321	3.0182
321	2.268459
115	3.807847
115	2.909591
115	2.956068
115	3.884222
115	3.691588
115	2.580153
115	3.87694
115	2.911421
115	2.016325
115	1.962732
214	2.969634
214	2.969519
214	2.481152
214	2.467252
214	2.976279
214	2.972579
214	2.970919
214	2.974057
214	2.970268
214	2.501951
301	3.273398
301	3.278588
301	3.27149
301	3.272935
301	3.275132
301	3.276099
301	3.27299
301	3.275272
301	3.278037
301	3.275154
80	3.806346
80	3.80437
80	3.805998
80	2.95801
80	2.857204
80	3.816113
80	3.707535
80	3.761407
80	3.77487
80	2.845355
133	2.675998
133	2.110761
133	2.217313
133	2.101417
133	2.089173
133	2.636457
133	2.156789
133	2.610168
133	2.417249
133	2.573594
215	2.960231
215	2.543519
215	2.961964
215	2.457993
215	2.958676
215	2.582062
215	2.964022
215	2.061453
215	2.959197
215	2.957788
291	3.066024
291	3.066589
291	3.063797
291	3.064042
291	3.051576
291	3.074064
291	3.059133
291	3.060752
291	3.064965
291	2.986686
343	3.063245
343	2.781187
343	3.218228
343	3.040185
343	3.236792
343	3.209826
343	3.212337
343	3.248838
343	3.18537
343	3.250571
101	3.838888
101	2.868695
101	2.876797
101	2.95707
101	2.847278
101	3.805741
101	2.881557
101	3.827243
101	2.951079
101	3.822044
155	2.183824
155	1.936501
155	2.159885
155	2.082572
155	2.662976
155	2.490048
155	2.125066
155	2.132224
155	1.97409
155	2.094592
208	2.635148
208	2.487774
208	2.632929
208	2.550478
208	2.506208
208	2.452286
208	2.553415
208	2.469513
208	2.469894
208	2.387181
305	3.132706
305	3.134692
305	3.131756
305	3.129453
305	3.135382
305	3.138788
305	3.139115
305	2.3675
305	3.135726
305	3.135684
102	3.809647
102	2.955062
102	3.838336
102	3.816003
102	3.831895
102	3.850972
102	3.848643
102	3.84154
102	3.84882
102	3.814007
160	2.484436
160	2.551695
160	2.418357
160	2.882465
160	2.870452
160	2.396253
160	2.39533
160	2.355973
160	2.87953
160	2.431228
219	2.947612
219	2.460684
219	2.461724
219	2.462903
219	2.945209
219	2.442863
219	2.526074
219	2.936721
219	2.445555
219	2.932295
300	3.270374
300	2.678406
300	3.275322
300	3.267931
300	2.692952
300	2.684349
300	2.045376
300	3.269626
300	3.27095
300	3.27444
125	3.814803
125	3.828549
125	3.841676
125	3.829973
125	2.916151
125	3.854802
125	3.842444
125	2.89294
125	3.849206
125	3.834133
175	2.57473
175	2.960807
175	2.103643
175	2.436526
175	2.457476
175	2.965312
175	2.469711
175	2.470698
175	2.961151
175	2.4914
250	2.909172
250	2.439612
250	2.719342
250	1.992057
250	2.44447
250	2.53381
250	2.908898
250	2.388298
250	2.524499
250	2.37386
300	3.23585
300	3.248861
300	3.228631
300	3.228315
300	3.237305
300	2.793325
300	3.243253
300	3.242287
300	3.241153
300	3.230799
144	2.741489
144	3.832035
144	3.809942
144	3.816637
144	2.868366
144	1.932822
144	3.779854
144	2.857414
144	3.825304
144	3.80095
202	2.002928
202	1.990695
202	2.474009
202	2.461156
202	2.441578
202	2.464386
202	2.456718
202	2.438351
202	2.387051
202	2.447083
301	3.289488
301	2.307885
301	2.330621
301	3.290161
301	2.444401
301	3.290432
301	2.305979
301	3.28879
301	3.289544
301	2.451294
98	3.820138
98	3.83208
98	3.831088
98	3.824847
98	3.808063
98	3.835599
98	3.827565
98	3.819043
98	3.822178
98	3.818434
150	2.163086
150	2.450956
150	2.660562
150	2.122112
150	2.44037
150	2.678357
150	2.646141
150	2.117404
150	2.20997
150	1.989332
203	1.507092
203	2.453947
203	1.983083
203	2.456275
203	2.464904
203	1.973275
203	2.449723
203	1.976546
203	2.457662
203	1.982964
301	2.613976
301	2.613326
301	2.610331
301	2.610608
301	2.611775
301	2.612073
301	3.085179
301	2.381388
301	2.506227
301	2.612508
134	3.875945
134	2.925297
134	3.84568
134	3.863747
134	2.883357
134	3.868588
134	3.872031
134	3.875698
134	3.872738
134	3.87749
194	2.457741
194	2.956264
194	2.525094
194	2.43083
194	2.957992
194	2.952091
194	2.496201
194	2.092083
194	2.184018
194	2.413031
251	1.851714
251	2.422063
251	1.926084
251	1.908935
251	2.009684
251	2.021016
251	1.382814
251	1.543365
251	2.423274
251	2.133989
304	2.519754
304	2.517241
304	2.953928
304	2.711174
304	2.34452
304	3.285012
304	2.346468
304	2.293931
304	2.860179
304	2.305221
112	2.528038
112	3.882807
112	3.881332
112	3.878531
112	2.960138
112	3.867795
112	2.960018
112	3.885239
112	3.871298
112	2.284905
182	2.954339
182	2.942178
182	2.948057
182	2.951574
182	2.940156
182	2.955762
182	2.954807
182	2.951856
182	2.953611
182	2.955086
244	2.518763
244	2.87055
244	2.460295
244	2.858964
244	2.906062
244	2.892268
244	2.906842
244	2.893263
244	2.467532
244	2.878891
295	2.265836
295	2.255638
295	2.255924
295	3.013244
295	2.767101
295	2.232045
295	2.790257
295	2.267418
295	2.774127
295	2.252284
345	2.949281
345	3.036018
345	3.093412
345	2.95007
345	2.951187
345	2.947126
345	2.940483
345	3.101067
345	2.94849
345	2.948725
102	3.832703
102	3.848895
102	3.840108
102	3.844015
102	3.846713
102	3.847165
102	3.854196
102	3.848258
102	3.85695
102	3.851575
175	2.491594
175	2.923549
175	2.921547
175	2.459325
175	2.890406
175	2.494025
175	2.930767
175	2.485806
175	2.922047
175	2.415824
231	2.450895
231	2.523676
231	2.938541
231	2.421169
231	2.462049
231	1.987448
231	2.449557
231	2.442339
231	2.446131
231	2.461288
300	3.309488
300	3.309955
300	3.307611
300	3.302133
300	3.302846
300	3.317766
300	3.310458
300	3.309573
300	3.31759
300	3.304215
104	3.762812
104	3.811438
104	3.830583
104	2.953815
104	3.832183
104	3.795294
104	3.838234
104	3.830621
104	2.950288
104	3.843025
157	2.474329
157	2.370107
157	2.935392
157	2.399045
157	2.938624
157	2.429057
157	2.40869
157	2.935715
157	2.46148
157	2.432924
217	2.493587
217	2.953654
217	2.584738
217	2.956469
217	2.952769
217	2.957129
217	2.450133
217	2.949528
217	2.478499
217	2.459433
300	3.305398
300	3.325575
300	3.320751
300	3.322327
300	3.325079
300	3.321821
300	3.324781
300	3.322365
300	3.324553
300	3.323044
124	3.866587
124	2.943174
124	3.859261
124	2.945706
124	3.862696
124	2.895615
124	3.86377
124	3.85586
124	3.867667
124	2.94463
190	2.091916
190	2.543081
190	2.390745
190	2.405004
190	2.343303
190	2.400245
190	2.556906
190	2.313105
190	2.370568
190	2.382698
240	2.50517
240	2.103259
240	2.552656
240	2.530882
240	1.550831
240	2.480228
240	2.304674
240	2.110846
240	1.769627
240	2.612591
320	3.110174
320	2.844244
320	3.111257
320	2.827182
320	2.827377
320	3.087735
320	3.093668
320	2.819688
320	3.111704
320	3.109748
100	3.785836
100	2.892754
100	3.813231
100	3.79784
100	3.755831
100	3.820023
100	3.801373
100	3.787408
100	2.893485
100	3.827142
150	2.036113
150	2.003188
150	1.915535
150	2.091482
150	2.062494
150	2.006976
150	2.059318
150	1.950922
150	2.004601
150	1.987298
202	2.538017
202	2.922981
202	2.929121
202	2.938037
202	2.938629
202	2.474195
202	2.539607
202	2.443449
202	2.948276
202	2.509731
298	3.206403
298	3.142815
298	3.196041
298	2.369509
298	3.194861
298	2.87836
298	3.203558
298	3.12408
298	3.196346
298	2.25411
348	2.952897
348	2.784292
348	2.955965
348	2.929259
348	2.93935
348	2.953711
348	2.950337
348	2.942113
348	2.971065
348	2.952755
91	3.869639
91	2.796392
91	3.887104
91	3.765971
91	3.87045
91	3.872416
91	2.912389
91	3.847744
91	2.906264
91	1.982846
208	2.955159
208	2.931742
208	2.957815
208	2.952668
208	2.738825
208	2.471221
208	2.956549
208	2.946281
208	2.95498
208	2.475458
258	2.825871
258	2.838845
258	2.77299
258	3.157817
258	3.133195
258	2.839068
258	3.177866
258	3.080455
258	3.096002
258	3.16562
328	2.944482
328	2.803434
328	3.254388
328	2.946155
328	3.245356
328	2.945004
328	2.942947
328	3.251499
328	3.241808
328	3.250121
102	3.882038
102	3.866
102	3.864483
102	2.926182
102	3.857792
102	3.86943
102	3.868223
102	3.867852
102	2.887101
102	3.882641
174	2.951426
174	2.344858
174	1.868948
174	2.952052
174	1.995645
174	2.350148
174	2.945743
174	2.018898
174	1.746594
174	2.018657
231	1.946236
231	1.977982
231	2.12409
231	2.402399
231	2.911763
231	2.489815
231	2.417855
231	2.579928
231	2.472995
231	2.916957
288	3.103784
288	3.131442
288	3.135364
288	3.119213
288	3.121174
288	2.326539
288	3.133296
288	2.325778
288	3.095079
288	3.144986
339	3.255751
339	3.250811
339	3.249696
339	3.158577
339	3.227495
339	2.676179
339	2.955222
339	3.240824
339	2.73588
339	3.2594
122	3.881324
122	2.909171
122	2.898635
122	2.962678
122	2.908722
122	2.904349
122	2.91499
122	3.884649
122	2.90751
122	3.872916
196	2.95368
196	2.951593
196	2.951232
196	2.954668
196	2.949412
196	2.942072
196	2.957205
196	2.953377
196	2.961333
196	2.953287
247	2.149916
247	2.164776
247	2.459433
247	2.520165
247	2.015627
247	1.83699
247	2.422388
247	2.136222
247	2.541671
247	2.540362
300	2.947483
300	3.272629
300	2.949692
300	3.269486
300	2.948733
300	3.283574
300	2.930693
300	2.950586
300	2.951435
300	2.947054
146	3.834441
146	3.847333
146	3.834295
146	2.946809
146	2.918016
146	3.862272
146	3.820842
146	2.862939
146	2.952588
146	3.83898
203	2.424446
203	2.945351
203	2.95336
203	2.943872
203	2.951353
203	2.943093
203	2.466516
203	2.941753
203	2.949974
203	2.949347
255	1.913071
255	2.59944
255	2.582465
255	2.134477
255	1.687138
255	2.619421
255	2.5686
255	1.680698
255	1.92814
255	1.31319
305	3.299361
305	3.310894
305	3.298588
305	3.303555
305	3.297847
305	3.307209
305	2.949412
305	3.294266
305	3.292127
305	3.304417
73	2.025887
73	2.837633
73	2.934074
73	3.389867
73	2.045584
73	2.001503
73	2.845501
73	2.04154
73	2.063303
73	2.0343
212	2.750306
212	2.439368
212	2.464768
212	2.008421
212	2.754329
212	2.106474
212	2.736536
212	2.036294
212	2.4777
212	2.470123
280	2.647592
280	2.854684
280	2.904212
280	2.909357
280	2.627935
280	2.63726
280	2.616484
280	2.633215
280	2.437544
280	2.425398
338	2.893313
338	2.372896
338	2.322032
338	2.339752
338	2.260647
338	2.278028
338	2.442613
338	3.03572
338	2.266525
338	2.270903
51	2.950133
51	2.937633
51	2.930825
51	2.952117
51	2.935367
51	2.791057
51	2.938993
51	2.94294
51	2.93944
51	2.943738
101	3.73808
101	3.722086
101	3.750868
101	3.693182
101	3.732448
101	3.710561
101	3.721641
101	3.730354
101	3.730823
101	3.740752
155	2.872768
155	2.744467
155	2.855824
155	2.8731
155	2.858789
155	2.859252
155	2.699004
155	2.459248
155	2.837151
155	2.826584
216	2.556241
216	2.941961
216	2.951736
216	2.946177
216	2.943171
216	2.944631
216	2.942872
216	2.949221
216	2.522566
216	2.948909
268	3.171907
268	3.181096
268	3.120689
268	3.171937
268	3.173738
268	3.140612
268	3.189629
268	3.182693
268	3.169377
268	3.176202
337	3.251109
337	3.258118
337	3.221839
337	3.236111
337	3.257933
337	3.251184
337	3.234258
337	2.80246
337	3.261954
337	3.249275
107	3.855619
107	3.85854
107	3.839058
107	3.838401
107	3.837685
107	3.835969
107	3.833027
107	3.831464
107	3.819882
107	2.914612
159	2.412572
159	2.28986
159	2.432601
159	1.891879
159	2.820074
159	2.338752
159	2.436741
159	2.345552
159	2.435881
159	2.436764
211	2.45083
211	2.384486
211	2.939466
211	2.561882
211	2.295543
211	2.938138
211	2.379053
211	2.91107
211	2.376437
211	2.900102
300	3.099291
300	2.800259
300	3.10161
300	2.471249
300	3.125549
300	3.113471
300	2.702444
300	3.104444
300	2.482208
300	3.132728
350	2.941192
350	2.817385
350	2.963803
350	2.957049
350	2.968699
350	2.975428
350	2.948749
350	2.957262
350	2.954964
350	2.762614
63	3.425796
63	2.314439
63	1.963008
63	3.404401
63	1.83396
63	2.874149
63	2.035625
63	2.321147
63	2.056425
63	2.309923
224	2.972576
224	2.058821
224	2.526977
224	2.964637
224	2.575225
224	2.051071
224	2.264838
224	2.066404
224	2.05056
224	2.069112
313	2.33247
313	2.326421
313	2.956326
313	2.957108
313	2.953501
313	3.282201
313	3.278067
313	2.313496
313	3.284089
313	3.286762
99	3.866246
99	3.793853
99	3.857633
99	3.866496
99	3.866023
99	3.871244
99	3.858729
99	3.869544
99	3.87378
99	3.851658
154	1.773695
154	2.318399
154	2.871794
154	2.091792
154	1.991309
154	2.164849
154	2.603763
154	2.407822
154	2.032383
154	2.446448
212	2.391946
212	2.35248
212	2.937
212	2.926764
212	1.903489
212	2.481698
212	2.938697
212	2.538271
212	2.298435
212	2.936667
265	3.021498
265	3.184066
265	3.150382
265	3.171266
265	3.169515
265	3.169876
265	2.801555
265	3.13198
265	3.168539
265	3.184328
338	3.257337
338	3.2619
338	3.251583
338	2.838274
338	3.258401
338	3.251526
338	3.260003
338	3.257729
338	3.254302
338	3.254084
99	3.856854
99	3.853076
99	3.86696
99	3.842321
99	3.793252
99	3.828395
99	3.861414
99	3.854869
99	3.851965
99	3.859524
151	2.894957
151	2.846736
151	2.906052
151	2.194166
151	2.868591
151	2.445716
151	2.845807
151	2.828338
151	2.89056
151	2.896064
214	2.94884
214	2.945993
214	2.95093
214	2.948005
214	2.955175
214	2.946103
214	2.947544
214	2.949498
214	2.948239
214	2.954108
297	2.793474
297	3.099486
297	3.121505
297	3.097486
297	2.784426
297	2.79648
297	2.613868
297	2.764353
297	3.076642
297	3.090008
347	2.954377
347	2.945388
347	2.787317
347	2.937438
347	2.956642
347	2.976196
347	2.965206
347	2.95674
347	3.07314
347	2.95381
111	3.836038
111	3.847046
111	3.859695
111	3.863513
111	3.851374
111	3.863496
111	3.853941
111	3.843193
111	3.854893
111	3.832333
177	2.570447
177	1.983102
177	2.464316
177	2.452459
177	2.45839
177	2.427156
177	2.445086
177	2.95719
177	2.961317
177	2.472675
266	1.569208
266	2.108494
266	2.209121
266	2.490523
266	1.599625
266	1.977923
266	2.271873
266	1.920389
266	2.13028
266	2.11698
345	3.260946
345	3.264724
345	3.240201
345	3.254558
345	3.254057
345	3.259875
345	3.25428
345	3.257624
345	3.251937
345	3.254202
139	2.891075
139	3.850584
139	3.854191
139	2.91837
139	3.856196
139	3.875058
139	2.910483
139	2.928675
139	2.85213
139	2.920824
191	2.552679
191	2.942128
191	2.522165
191	2.486584
191	2.946334
191	2.946825
191	2.960125
191	2.481749
191	2.460601
191	2.948265
248	3.105312
248	3.096581
248	3.111705
248	3.106593
248	3.111396
248	3.125822
248	2.070383
248	3.105388
248	3.098052
248	3.123916
348	2.37782
348	2.345647
348	2.371486
348	2.378027
348	2.380162
348	3.12367
348	3.090784
348	3.103321
348	2.384843
348	2.160496
100	3.809487
100	3.841985
100	3.824622
100	3.836147
100	3.848006
100	2.900784
100	2.506438
100	3.840027
100	3.832957
100	3.809662
163	2.466336
163	2.544104
163	2.945968
163	2.455379
163	2.950717
163	2.951624
163	2.938561
163	2.273753
163	2.146414
163	2.483604
228	2.941561
228	2.46684
228	2.950532
228	2.95098
228	2.54575
228	2.490143
228	2.948688
228	2.505089
228	2.546969
228	2.164726
300	2.950175
300	2.953733
300	2.952028
300	2.581599
300	2.951567
300	2.637699
300	2.607285
300	2.605257
300	2.61109
300	2.607857
126	3.813349
126	3.843568
126	2.889961
126	2.917276
126	3.814051
126	3.835271
126	2.555278
126	3.835874
126	2.898431
126	3.840986
199	2.958384
199	2.949703
199	2.947424
199	2.957169
199	2.949163
199	2.944415
199	2.948113
199	2.945476
199	2.948885
199	2.942611
249	2.01664
249	2.025421
249	1.996171
249	2.012206
249	2.007606
249	1.975163
249	2.000354
249	2.049964
249	1.97438
249	1.859385
300	3.256012
300	3.235269
300	3.255369
300	3.246822
300	3.244151
300	3.253512
300	3.25567
300	3.265573
300	3.25631
300	3.268642
100	3.851716
100	3.86637
100	3.874679
100	3.872548
100	3.86679
100	3.868164
100	2.894949
100	3.866592
100	3.875513
100	3.8688
175	2.960941
175	2.959607
175	2.95805
175	2.955477
175	2.948355
175	2.95938
175	2.961548
175	2.960585
175	2.954327
175	2.959747
235	2.907978
235	2.916113
235	2.898
235	2.910644
235	2.908408
235	2.915837
235	2.911907
235	2.907931
235	2.536161
235	2.90724
295	2.795455
295	3.219171
295	3.228433
295	3.225829
295	2.774699
295	3.217574
295	3.213673
295	3.221097
295	3.218826
295	3.201421
345	3.039512
345	3.070419
345	3.092504
345	3.051394
345	2.97177
345	3.061965
345	3.027897
345	3.059958
345	3.089363
345	2.994746
99	3.82668
99	3.8311
99	2.87784
99	3.848568
99	3.842442
99	3.833052
99	3.843769
99	3.839402
99	3.823916
99	3.81146
159	2.456765
159	2.165586
159	2.040374
159	2.46102
159	2.479592
159	2.017766
159	2.931092
159	2.268725
159	2.152455
159	2.154777
213	1.962351
213	1.98261
213	2.956306
213	2.000964
213	2.464467
213	2.947463
213	2.952871
213	2.512008
213	2.434397
213	2.448824
273	3.180058
273	3.185448
273	3.179192
273	3.175381
273	3.180672
273	2.76809
273	3.179007
273	3.18203
273	3.169626
273	2.840202
332	3.307158
332	3.308858
332	3.310648
332	3.310422
332	3.294428
332	3.310198
332	3.306706
332	3.305688
332	3.315822
332	3.307631
139	2.914544
139	3.871228
139	3.822114
139	3.857958
139	3.868033
139	3.868162
139	3.866834
139	3.868865
139	2.899303
139	3.81477
197	2.423027
197	2.4776
197	2.95353
197	2.953948
197	2.955094
197	2.956516
197	2.540747
197	2.956379
197	2.953075
197	2.377034
258	2.017548
258	1.704834
258	1.7425
258	1.67343
258	1.479646
258	2.092074
258	2.076413
258	1.792712
258	1.963905
258	1.75755
312	3.242782
312	3.250704
312	3.255565
312	3.248204
312	3.244857
312	3.252012
312	3.243845
312	3.246551
312	3.233553
312	3.257357
130	2.875406
130	3.79493
130	3.819713
130	3.786813
130	3.776617
130	2.891535
130	3.831031
130	3.750861
130	3.830508
130	3.809681
182	2.433229
182	2.519076
182	2.942296
182	2.366515
182	2.417143
182	2.937225
182	2.936838
182	2.562039
182	2.944542
182	2.452385
239	2.009311
239	1.99596
239	2.382773
239	2.385811
239	1.961288
239	2.211053
239	2.078887
239	2.391253
239	2.220889
239	2.416416
302	2.946687
302	2.946271
302	2.346882
302	2.946537
302	2.607086
302	2.359835
302	2.591835
302	2.942416
302	2.943414
302	2.608874
103	3.874288
103	3.854957
103	2.918605
103	3.857226
103	3.854075
103	3.84926
103	3.851038
103	3.860746
103	3.840874
103	2.910178
160	2.40559
160	2.8368
160	2.840571
160	2.397914
160	2.253243
160	2.378397
160	2.829121
160	2.796379
160	2.838722
160	2.743725
213	2.960872
213	2.464037
213	2.453243
213	2.963096
213	2.421668
213	2.092664
213	2.965705
213	2.961678
213	2.960996
213	2.604974
299	3.079125
299	3.081884
299	3.080323
299	3.071142
299	3.077373
299	3.074923
299	3.076714
299	3.07076
299	3.075214
299	3.080965
103	2.952538
103	3.881374
103	2.954431
103	3.872952
103	3.878213
103	3.875916
103	2.926511
103	3.872365
103	3.878209
103	3.87036
200	2.396238
200	2.951454
200	2.962464
200	2.507327
200	2.953098
200	2.953742
200	2.167157
200	2.964481
200	2.96353
200	2.963483
251	2.250701
251	3.03316
251	3.026335
251	2.68461
251	2.412596
251	2.592776
251	2.584145
251	2.546289
251	3.055661
251	2.58433
319	2.499978
319	2.631361
319	3.126226
319	3.124705
319	2.628228
319	2.632401
319	2.297795
319	3.118029
319	2.507498
319	3.126192
98	3.828654
98	3.8027
98	2.95229
98	3.82711
98	3.791564
98	3.76186
98	3.818931
98	3.826878
98	2.871235
98	3.82265
148	1.911467
148	1.993682
148	1.95952
148	1.849198
148	1.995484
148	1.734584
148	2.090613
148	2.089254
148	1.87418
148	1.913285
203	2.96143
203	2.531177
203	2.952038
203	2.960414
203	2.034425
203	2.9594
203	2.471463
203	2.128656
203	2.43112
203	2.957035
288	2.792259
288	2.567129
288	2.268924
288	3.066243
288	3.05658
288	3.032249
288	2.586855
288	3.056073
288	2.579292
288	2.678813
344	3.277012
344	2.261245
344	2.564342
344	2.125336
344	2.509694
344	2.813041
344	2.504372
344	2.276494
344	2.263083
344	2.299962
138	2.866129
138	3.86436
138	3.856313
138	3.876954
138	2.282963
138	2.906211
138	3.871771
138	3.848294
138	3.867358
138	2.945401
195	2.95106
195	2.951784
195	2.951915
195	2.682346
195	2.952384
195	2.295514
195	2.944817
195	2.946969
195	2.473145
195	2.953154
247	1.726915
247	2.310133
247	1.726385
247	2.126449
247	1.965041
247	2.23286
247	2.216536
247	2.188297
247	1.908065
247	1.991766
310	2.483362
310	2.593153
310	2.451302
310	2.477362
310	2.805114
310	2.448934
310	2.599525
310	2.799004
310	2.580884
310	2.631192
76	3.694638
76	2.795593
76	3.712051
76	3.731991
76	3.713279
76	2.820051
76	3.417082
76	3.739696
76	3.73457
76	3.71507
126	3.444693
126	3.145269
126	2.674114
126	3.261571
126	3.132783
126	2.651109
126	3.307071
126	3.334715
126	3.428852
126	3.447696
201	2.35224
201	2.262157
201	2.302667
201	2.46509
201	2.566947
201	2.419932
201	2.354225
201	2.364693
201	2.961417
201	2.462724
300	3.274853
300	3.272063
300	3.272132
300	3.276407
300	3.274148
300	3.274849
300	3.274917
300	3.27675
300	3.273009
300	3.273132
99	2.933896
99	3.876287
99	3.876398
99	2.893243
99	3.863661
99	2.932323
99	3.883843
99	3.875165
99	3.879859
99	3.884647
187	2.485433
187	2.065893
187	2.971563
187	2.548949
187	2.497423
187	2.973088
187	2.971691
187	2.509003
187	2.974695
187	2.979141
272	2.444238
272	2.778843
272	1.958167
272	2.759311
272	1.726963
272	3.180072
272	2.872243
272	3.174304
272	2.743263
272	2.188418
345	2.298429
345	2.300097
345	2.55532
345	2.958999
345	2.46518
345	2.460888
345	2.462676
345	2.328468
345	2.465784
345	2.462519
50	2.971167
50	2.951196
50	2.952911
50	2.826559
50	2.961674
50	2.95208
50	2.96499
50	2.959138
50	2.962845
50	2.964375
100	3.800808
100	3.767726
100	3.774402
100	2.93112
100	3.769035
100	3.76255
100	2.84546
100	3.788174
100	2.92905
100	2.929979
158	2.884905
158	2.897969
158	2.897125
158	2.439111
158	2.898762
158	2.860796
158	2.900249
158	2.413887
158	2.889124
158	2.892913
210	2.956287
210	2.952629
210	2.95899
210	2.943624
210	2.95536
210	2.957306
210	2.953228
210	2.947821
210	2.530917
210	2.960855
269	2.642486
269	3.12864
269	2.237174
269	3.004838
269	2.708689
269	3.125011
269	2.704979
269	3.104885
269	2.997255
269	2.725135
326	3.287827
326	3.295085
326	3.280136
326	3.28552
326	3.294057
326	3.296196
326	3.281349
326	3.285261
326	3.291638
326	3.288623
101	2.919046
101	3.870837
101	3.869593
101	3.869155
101	3.873702
101	3.873095
101	3.866652
101	3.873009
101	3.857136
101	3.865407
184	2.921572
184	2.41764
184	2.425607
184	2.911102
184	2.413668
184	2.940951
184	2.412197
184	2.423615
184	2.367473
184	2.450464
236	2.921783
236	2.341745
236	2.924319
236	2.439425
236	1.855139
236	2.307124
236	2.909923
236	2.420061
236	2.380268
236	2.061274
295	2.922415
295	2.924158
295	2.585559
295	2.93104
295	2.923517
295	2.920482
295	2.928769
295	2.930072
295	2.93207
295	2.922566
345	2.25192
345	2.686525
345	2.132125
345	2.15798
345	2.492193
345	2.158312
345	2.19507
345	2.163265
345	2.60119
345	2.667679
103	3.803355
103	3.839405
103	3.852427
103	3.845838
103	3.849209
103	2.880678
103	2.911657
103	2.894145
103	3.832988
103	3.856171
159	2.873441
159	2.861569
159	2.535327
159	2.758289
159	2.846068
159	2.456446
159	2.326959
159	2.829144
159	2.410688
159	2.85528
213	2.952977
213	2.943522
213	2.952756
213	2.950479
213	2.940772
213	2.947336
213	2.949508
213	2.951206
213	2.952801
213	2.950681
300	3.176231
300	2.881385
300	3.177335
300	3.17713
300	3.177524
300	3.178962
300	3.174269
300	3.178877
300	3.174137
300	3.175219
100	3.850789
100	2.88908
100	3.844217
100	3.859053
100	2.889361
100	2.891741
100	3.831602
100	2.873458
100	3.853609
100	3.851134
182	2.943363
182	2.913088
182	2.943636
182	2.910642
182	2.49445
182	2.944021
182	2.94153
182	2.930803
182	2.9366
182	2.443785
238	2.927032
238	2.93322
238	2.91645
238	2.932599
238	2.479827
238	2.608546
238	2.934942
238	2.936717
238	2.450493
238	2.937982
300	2.85251
300	3.243024
300	3.244419
300	3.251655
300	3.245457
300	3.247348
300	3.237662
300	3.244405
300	3.243667
300	3.24007
103	3.897783
103	3.891114
103	3.894362
103	3.899372
103	3.898345
103	3.901135
103	3.900492
103	3.892887
103	3.897436
103	3.901654
190	2.358654
190	2.934466
190	2.957429
190	2.492903
190	2.521432
190	1.923307
190	2.471209
190	2.948999
190	2.947899
190	2.958758
242	2.75438
242	2.536257
242	1.988624
242	2.27588
242	2.418971
242	2.096891
242	2.158611
242	2.39379
242	2.370583
242	2.11669
300	3.108935
300	2.572063
300	2.630066
300	2.611966
300	2.576966
300	2.60534
300	2.636256
300	2.636877
300	2.617168
300	2.615896
123	1.724631
123	1.670618
123	2.035784
123	3.863426
123	2.926358
123	1.86466
123	2.030825
123	3.857241
123	2.04183
123	2.001136
208	2.957235
208	2.962183
208	2.96372
208	2.966291
208	2.961967
208	2.964181
208	2.96592
208	2.964676
208	2.961613
208	2.959814
300	3.097644
300	2.780707
300	3.113867
300	3.093669
300	3.109628
300	2.794021
300	3.08837
300	3.08975
300	3.090839
300	3.115739
350	2.961899
350	2.999955
350	2.97945
350	2.936022
350	2.951561
350	2.951873
350	2.951907
350	2.965105
350	2.955413
350	2.953686
102	2.956938
102	3.87784
102	3.881992
102	3.87065
102	3.883617
102	3.882213
102	3.875121
102	3.87028
102	2.931773
102	3.880267
192	2.460712
192	2.946108
192	2.506276
192	2.53918
192	2.95335
192	2.955882
192	2.456281
192	2.951365
192	2.466722
192	2.947019
242	2.089828
242	1.831331
242	1.684987
242	2.337569
242	2.545784
242	1.854686
242	2.171041
242	2.680414
242	2.796005
242	1.99058
326	2.952375
326	3.252745
326	2.951486
326	2.949718
326	3.25814
326	3.258448
326	3.259715
326	3.250347
326	3.254266
326	2.950839
89	2.897169
89	2.016239
89	2.586625
89	3.56574
89	3.641025
89	1.778024
89	2.020154
89	2.01286
89	3.764135
89	1.760772
219	2.966856
219	2.971995
219	2.74473
219	2.754614
219	2.673125
219	2.969132
219	2.693135
219	2.74915
219	2.76731
219	2.959757
278	2.278462
278	2.298374
278	2.606821
278	2.314898
278	2.250134
278	2.297579
278	2.297016
278	2.27832
278	2.294003
278	2.286051
334	3.328424
334	2.882577
334	3.342694
334	2.886927
334	2.869834
334	3.33569
334	3.3418
334	2.901903
334	3.337202
334	2.862489
105	3.848183
105	2.956032
105	2.957571
105	2.871567
105	3.851498
105	2.954834
105	3.850771
105	2.956839
105	3.815987
105	2.957135
171	2.956313
171	2.955749
171	2.952304
171	2.473634
171	2.950146
171	2.62597
171	2.499274
171	2.451295
171	2.512392
171	2.952366
249	2.530243
249	2.934984
249	2.416259
249	2.934677
249	2.939476
249	2.943068
249	2.941627
249	2.273766
249	2.541074
249	2.458903
299	2.819489
299	2.810569
299	2.829517
299	2.823178
299	2.804385
299	2.788319
299	3.277469
299	3.278174
299	2.817015
299	2.840521
349	2.961924
349	2.936977
349	2.955824
349	2.947977
349	2.948575
349	2.95487
349	2.95599
349	2.954109
349	2.951709
349	2.917671
112	3.811822
112	2.9555
112	2.950925
112	3.839357
112	2.961127
112	3.795328
112	2.952734
112	3.811837
112	3.834865
112	2.884645
163	2.923277
163	2.479765
163	2.37874
163	2.9301
163	2.92922
163	2.92391
163	2.932903
163	2.911677
163	2.422532
163	2.934907
234	2.320094
234	2.472411
234	2.462121
234	2.412321
234	2.325002
234	2.473447
234	2.464386
234	2.95178
234	2.952101
234	2.508509
300	2.53148
300	2.801071
300	3.143755
300	2.407212
300	3.138159
300	3.147166
300	3.140328
300	3.134631
300	2.67445
300	2.820927
102	2.889338
102	2.879189
102	3.854338
102	3.835348
102	2.958005
102	2.528391
102	3.854838
102	3.854423
102	3.853057
102	3.861621
175	2.410884
175	2.934205
175	2.450713
175	2.93205
175	2.936448
175	2.570321
175	2.925009
175	2.932198
175	2.934626
175	2.929825
231	2.39975
231	2.924206
231	2.455355
231	2.941757
231	2.919077
231	2.936877
231	2.931738
231	2.439363
231	2.920956
231	2.508937
309	2.82002
309	2.817893
309	2.825754
309	3.122633
309	2.827102
309	2.338806
309	3.117943
309	2.353102
309	3.118412
309	2.319996
55	3.801064
55	3.796482
55	3.802516
55	3.814618
55	3.779631
55	3.828808
55	3.804822
55	1.908627
55	3.818047
55	3.805313
137	2.889881
137	2.705021
137	2.578698
137	2.165353
137	2.023582
137	2.267406
137	2.863936
137	1.847531
137	2.878577
137	2.296724
219	2.953652
219	2.95698
219	2.959262
219	2.957449
219	2.960612
219	2.957009
219	2.574362
219	2.958191
219	2.951482
219	2.955871
271	2.59359
271	2.44116
271	2.889055
271	2.598359
271	2.869284
271	2.584811
271	2.575007
271	2.588128
271	2.427397
271	2.40412
326	2.298652
326	2.274518
326	2.581998
326	2.572006
326	2.571305
326	2.584106
326	2.573367
326	2.588388
326	2.268202
326	2.591412
100	3.81953
100	3.813435
100	3.843475
100	3.840188
100	3.82951
100	3.852623
100	3.844168
100	3.842995
100	3.841865
100	3.837806
163	2.877806
163	2.42557
163	2.845169
163	2.886121
163	2.75945
163	1.987064
163	2.860953
163	2.052377
163	1.530877
163	2.44635
219	2.466571
219	2.921903
219	1.974225
219	1.946369
219	2.92942
219	2.401294
219	2.055759
219	2.039913
219	2.07288
219	2.432177
300	3.27906
300	3.282009
300	2.825378
300	3.279168
300	3.284768
300	3.283859
300	3.282294
300	2.000417
300	2.78542
300	3.282204
74	2.003226
74	2.006388
74	1.986257
74	1.99999
74	1.996117
74	2.000088
74	2.056283
74	3.51418
74	2.009865
74	1.995526
205	2.950616
205	2.719443
205	2.95789
205	2.731267
205	2.957183
205	2.963639
205	2.947722
205	2.960677
205	2.936751
205	2.951286
259	2.679878
259	2.299722
259	2.943051
259	2.300312
259	3.039807
259	2.726985
259	2.762723
259	2.664946
259	2.760412
259	2.186964
319	3.284542
319	3.277858
319	3.279773
319	3.27815
319	3.280387
319	3.277894
319	3.278146
319	3.27719
319	3.281165
319	3.277216
101	3.838963
101	3.830027
101	3.84978
101	3.845393
101	3.825437
101	3.843825
101	3.843983
101	3.832179
101	3.84234
101	3.840653
182	2.466963
182	2.46222
182	2.501994
182	2.475382
182	2.519281
182	2.458468
182	2.951218
182	2.47732
182	2.949892
182	2.951969
240	2.858234
240	2.406084
240	2.906526
240	2.376521
240	2.386817
240	2.367292
240	2.900025
240	2.441384
240	2.249835
240	2.419054
300	3.150634
300	3.15918
300	3.146657
300	3.175573
300	3.183625
300	3.158745
300	3.181597
300	3.166937
300	3.170412
300	3.179664
103	3.829248
103	3.84513
103	3.853958
103	2.908721
103	3.836462
103	3.730675
103	3.851878
103	3.831435
103	2.9043
103	3.8451
155	2.351063
155	2.804036
155	2.808522
155	2.815466
155	2.682586
155	2.672225
155	2.769162
155	2.416912
155	2.44291
155	2.693318
207	2.953724
207	2.459891
207	2.953484
207	2.953607
207	2.939263
207	2.428394
207	2.372019
207	2.947744
207	2.462641
207	2.481457
300	2.714128
300	2.961637
300	2.419905
300	3.181284
300	2.718995
300	2.96342
300	2.624066
300	2.645139
300	2.962378
300	2.418598
100	3.847711
100	3.829086
100	3.804687
100	3.840056
100	3.802921
100	3.820434
100	3.850789
100	3.845012
100	3.832359
100	3.840906
159	2.056339
159	2.474547
159	2.448071
159	2.431497
159	2.923838
159	2.437752
159	2.461204
159	2.081872
159	2.406114
159	2.530235
236	2.355697
236	2.937726
236	2.471188
236	2.521247
236	2.138153
236	2.050018
236	2.062296
236	2.451382
236	2.184956
236	2.393005
299	3.307191
299	3.207008
299	2.053907
299	2.219722
299	2.947758
299	2.168881
299	2.30837
299	1.899045
299	2.800967
299	2.811218
102	3.869457
102	3.868461
102	3.873757
102	3.873721
102	2.926797
102	3.867442
102	2.962447
102	3.871201
102	3.871316
102	3.860106
183	2.476577
183	2.451129
183	2.475551
183	2.915336
183	2.479413
183	2.944702
183	2.521092
183	2.459476
183	2.955183
183	2.001197
236	2.10541
236	2.93226
236	2.392494
236	2.935877
236	2.456622
236	2.401774
236	2.017197
236	2.927642
236	2.426587
236	2.417651
296	3.072359
296	2.808461
296	3.074922
296	3.085248
296	3.063933
296	3.074433
296	3.071595
296	3.068027
296	2.808411
296	3.070584
346	2.949838
346	2.936051
346	2.948413
346	2.949364
346	2.94967
346	2.951891
346	2.941253
346	2.949455
346	2.791311
346	2.951977
106	3.860527
106	2.882152
106	3.860677
106	3.823481
106	3.856527
106	3.855408
106	2.918182
106	3.865677
106	2.918785
106	3.849561
164	2.797942
164	2.823034
164	2.807889
164	2.84258
164	2.87252
164	2.781974
164	2.889407
164	2.881495
164	2.73869
164	2.879114
215	2.947641
215	2.93782
215	2.935681
215	2.936491
215	2.387735
215	2.914068
215	2.937433
215	2.940808
215	2.941259
215	2.422432
269	2.437648
269	2.534793
269	2.258969
269	2.145708
269	2.342531
269	2.879644
269	2.155669
269	2.076269
269	2.378336
269	2.170532
321	2.269008
321	3.102952
321	2.755693
321	2.614794
321	2.32169
321	3.072712
321	2.312743
321	2.788701
321	2.824426
321	2.308263
103	3.859109
103	2.916637
103	2.918062
103	2.962912
103	2.913127
103	2.89595
103	2.892524
103	2.918162
103	3.849106
103	2.961033
157	2.444523
157	2.48747
157	2.933943
157	2.957724
157	2.476448
157	2.958853
157	2.95311
157	2.45608
157	2.510862
157	2.45477
246	2.44586
246	2.961869
246	2.125991
246	2.464545
246	2.386698
246	2.954925
246	2.451887
246	2.478854
246	2.958828
246	2.512782
300	3.135754
300	3.139547
300	2.354594
300	3.118575
300	3.107023
300	3.130915
300	3.128011
300	3.151967
300	3.154457
300	3.128824
109	3.867421
109	3.865091
109	2.889357
109	2.891475
109	2.897821
109	2.894279
109	2.89049
109	3.86428
109	3.851409
109	2.888749
188	2.953871
188	2.950523
188	2.945703
188	2.952872
188	2.950891
188	2.955916
188	2.946997
188	2.956313
188	2.954866
188	2.953538
238	1.752332
238	2.770495
238	2.757912
238	1.724939
238	2.185493
238	2.07726
238	1.396878
238	2.717383
238	2.490184
238	2.075055
321	2.662745
321	2.658701
321	2.669903
321	2.652938
321	2.465788
321	2.658502
321	2.830157
321	2.173746
321	2.302718
321	2.650604
132	2.869013
132	2.879695
132	2.266029
132	2.947369
132	3.826429
132	2.944576
132	3.836105
132	2.907276
132	3.832808
132	2.88752
186	2.910931
186	2.938148
186	2.940047
186	2.480552
186	2.938998
186	2.944354
186	2.939968
186	2.351746
186	2.941464
186	2.938379
237	2.383173
237	1.653811
237	2.035467
237	1.636476
237	1.411799
237	2.805581
237	1.381492
237	2.379737
237	1.373472
237	1.367324
315	3.323688
315	3.323395
315	3.320674
315	3.32063
315	3.319579
315	3.323951
315	3.321544
315	3.319055
315	3.318661
315	3.315633
102	3.865229
102	3.864835
102	3.869887
102	3.872667
102	2.929626
102	3.840056
102	3.878054
102	3.854535
102	2.536245
102	3.866645
157	2.880841
157	2.956962
157	2.952839
157	2.954342
157	2.947051
157	2.958517
157	2.609883
157	2.954186
157	2.524997
157	2.938004
254	2.063174
254	2.092694
254	2.47866
254	2.94695
254	2.942275
254	2.940871
254	2.475411
254	2.484697
254	2.485354
254	2.937461
310	3.251789
310	3.258459
310	3.261063
310	3.250101
310	3.24418
310	3.251285
310	3.252025
310	3.255745
310	2.81339
310	3.255329
100	3.847128
100	3.831501
100	3.83976
100	3.844988
100	3.803153
100	3.84724
100	3.83949
100	3.824863
100	3.834341
100	3.849605
156	2.449079
156	2.473601
156	2.548458
156	2.152435
156	2.493765
156	1.911568
156	2.396011
156	2.480947
156	2.421145
156	2.053647
237	2.96201
237	2.343676
237	2.959743
237	2.957627
237	1.909174
237	2.470048
237	2.96199
237	2.024958
237	1.960438
237	2.476584
300	3.302304
300	3.298807
300	3.301493
300	3.301892
300	3.300227
300	3.303154
300	3.293409
300	3.301649
300	3.29762
300	3.291701
100	3.892159
100	3.892093
100	3.892283
100	3.896876
100	2.908059
100	2.928555
100	3.896502
100	3.898835
100	3.893758
100	3.897901
194	2.944137
194	2.932337
194	2.943508
194	2.906905
194	2.430615
194	2.458412
194	2.533689
194	2.9204
194	2.945886
194	2.938007
245	2.239986
245	2.169161
245	2.10214
245	2.400138
245	2.017718
245	2.666011
245	2.002758
245	2.274877
245	2.641149
245	2.603674
300	2.423209
300	2.572503
300	2.414785
300	2.360178
300	2.760163
300	2.532424
300	2.282793
300	2.571171
300	2.61643
300	3.007505
102	2.924395
102	2.936894
102	3.836892
102	2.889688
102	3.861033
102	3.849606
102	3.861036
102	2.514732
102	2.873245
102	3.867808
157	2.942647
157	2.101894
157	2.480758
157	2.088106
157	2.942411
157	2.48463
157	2.514147
157	2.48247
157	2.502154
157	2.110082
218	2.534453
218	2.954322
218	2.438887
218	2.489059
218	2.950209
218	1.946621
218	2.456341
218	2.470295
218	2.526632
218	1.978358
292	3.255189
292	3.258463
292	3.269456
292	3.261455
292	3.252807
292	3.258778
292	3.253679
292	3.257838
292	3.250789
292	3.259447
101	2.923209
101	3.881255
101	2.956971
101	2.923955
101	2.912855
101	2.929249
101	2.912683
101	2.911004
101	2.914089
101	3.883851
194	2.910251
194	2.94341
194	2.937829
194	2.932845
194	2.91225
194	2.934824
194	2.915567
194	2.933716
194	2.935775
194	2.944167
244	2.810757
244	2.455505
244	2.003146
244	2.821843
244	1.988735
244	2.14292
244	1.996625
244	2.560375
244	2.798787
244	2.772216
307	2.633964
307	2.639368
307	2.637656
307	2.629969
307	2.932604
307	2.615326
307	2.636211
307	2.634291
307	2.641763
307	2.996762
52	2.951794
52	2.951592
52	2.949877
52	2.951945
52	2.756911
52	2.947552
52	2.957023
52	2.950339
52	2.951941
52	2.93387
103	3.710158
103	3.726742
103	3.74053
103	3.738534
103	3.697178
103	3.738098
103	3.710628
103	3.72758
103	3.702712
103	3.738437
157	2.307333
157	2.41887
157	2.857098
157	2.835956
157	2.419412
157	2.786465
157	2.759488
157	2.305498
157	2.366376
157	2.459384
209	2.951995
209	2.947317
209	2.959421
209	2.943383
209	2.951139
209	2.94715
209	2.953642
209	2.95239
209	2.950993
209	2.94707
271	3.234368
271	3.216491
271	3.221859
271	3.234492
271	3.235047
271	3.213349
271	2.775594
271	2.780777
271	3.228409
271	2.76272
338	3.30976
338	3.322012
338	3.309712
338	3.308722
338	3.30487
338	3.303986
338	2.857975
338	3.305614
338	3.303934
338	3.316041
120	3.877464
120	2.958051
120	3.893919
120	3.887796
120	3.890843
120	3.884406
120	3.890763
120	3.893178
120	3.89405
120	3.89197
194	2.273705
194	2.961439
194	2.431496
194	2.459489
194	2.446991
194	1.928278
194	2.957523
194	2.961218
194	2.959091
194	2.960415
251	2.115939
251	2.326738
251	2.08932
251	2.083585
251	1.935591
251	1.804128
251	1.961824
251	1.953396
251	2.1684
251	1.893163
301	2.813762
301	3.263397
301	3.28844
301	3.263302
301	3.263838
301	3.265763
301	3.256712
301	3.253731
301	3.263211
301	2.79608
105	3.861821
105	3.849847
105	3.859802
105	3.856991
105	3.854942
105	3.852255
105	3.854379
105	3.868133
105	2.894272
105	2.876542
160	2.410972
160	2.354334
160	2.274807
160	2.475101
160	2.123308
160	1.995744
160	2.394361
160	2.232559
160	2.356483
160	2.838175
214	2.441897
214	2.470937
214	2.497116
214	2.943839
214	2.461535
214	2.926267
214	2.43971
214	2.172999
214	2.943557
214	2.936204
297	3.257998
297	3.2626
297	3.259476
297	3.247277
297	2.860843
297	3.263232
297	3.272347
297	3.267901
297	2.817208
297	3.260466
348	2.963457
348	2.958736
348	3.037708
348	3.103587
348	2.956922
348	2.966032
348	2.983246
348	3.010051
348	3.034748
348	3.094607
111	3.89177
111	3.883772
111	2.907801
111	3.893619
111	2.94185
111	3.887065
111	2.942732
111	2.89649
111	3.892156
111	3.896323
185	2.950372
185	2.49107
185	2.405337
185	2.94579
185	2.937337
185	2.950901
185	2.56105
185	2.946189
185	2.944944
185	2.93892
235	1.878531
235	2.352656
235	2.305478
235	2.827405
235	2.421337
235	2.249526
235	2.479301
235	2.332003
235	2.548386
235	2.323734
300	3.119218
300	3.107007
300	3.107765
300	3.08913
300	3.097827
300	3.096558
300	3.098207
300	3.114224
300	3.108665
300	3.114148
101	2.910538
101	3.877964
101	2.932171
101	3.884132
101	3.880708
101	3.882094
101	3.877066
101	3.882909
101	2.935876
101	3.879529
182	2.044661
182	2.954215
182	2.95485
182	2.409965
182	2.160229
182	1.986617
182	1.63656
182	2.5134
182	2.954392
182	2.957797
249	2.618186
249	2.473769
249	2.021067
249	2.493684
249	2.272557
249	2.313993
249	2.45303
249	2.862522
249	2.424001
249	2.368144
300	3.09848
300	2.661095
300	2.661303
300	2.307359
300	2.324962
300	3.11329
300	2.338774
300	2.300033
300	3.12374
300	2.657352
124	2.043016
124	2.062758
124	1.990376
124	2.837452
124	2.871918
124	1.995709
124	1.992508
124	2.44012
124	2.846486
124	1.989129
221	2.477729
221	1.616791
221	2.000033
221	1.885386
221	2.473384
221	2.147685
221	2.113019
221	2.480494
221	2.482254
221	2.009232
307	3.282939
307	3.286979
307	3.282097
307	3.285226
307	3.282519
307	3.283041
307	3.288007
307	3.286388
307	3.281994
307	3.287018
119	2.900417
119	3.865188
119	3.86358
119	3.858083
119	3.865541
119	3.874417
119	3.863581
119	3.834728
119	2.893989
119	3.868068
175	2.949221
175	2.503903
175	2.470595
175	2.525259
175	2.940539
175	2.470549
175	2.941762
175	2.531891
175	2.587341
175	2.949713
237	2.441043
237	2.454213
237	2.422591
237	2.936023
237	2.447891
237	2.817309
237	2.415126
237	2.445981
237	2.409795
237	2.941333
300	2.480304
300	2.474855
300	2.637945
300	3.086614
300	3.094427
300	2.624693
300	2.486706
300	3.09386
300	2.487023
300	2.63535
140	2.003423
140	2.009525
140	1.973548
140	2.010805
140	1.71634
140	1.98122
140	2.014261
140	1.996323
140	1.724743
140	2.004848
211	2.965706
211	2.962192
211	2.952848
211	2.966893
211	2.962024
211	2.966374
211	2.965058
211	2.527108
211	2.966782
211	2.491535
290	3.210733
290	2.887441
290	2.892667
290	2.858236
290	3.177873
290	3.209258
290	3.227237
290	3.227301
290	3.225842
290	2.882561
342	3.097565
342	3.097294
342	3.119975
342	3.128482
342	3.047014
342	3.115638
342	3.116283
342	2.942875
342	2.944816
342	3.137583
121	2.046079
121	2.574571
121	2.048113
121	2.048742
121	3.382203
121	2.054556
121	2.911986
121	2.055365
121	1.761333
121	1.81037
208	2.960978
208	2.964041
208	2.964677
208	2.953027
208	2.966104
208	2.959726
208	2.955114
208	2.96236
208	2.651578
208	2.962297
272	2.711674
272	2.764717
272	2.808128
272	2.628408
272	3.124575
272	2.761674
272	2.732218
272	2.6914
272	2.65015
272	2.67096
326	3.238554
326	2.94861
326	2.948004
326	3.251809
326	2.951315
326	3.235687
326	2.948134
326	3.243067
326	2.949063
326	3.232459
125	2.927571
125	3.437257
125	2.92924
125	2.929252
125	3.86906
125	2.926883
125	1.961415
125	2.029121
125	3.847125
125	3.866319
215	2.967604
215	2.966958
215	2.166203
215	2.510831
215	2.964877
215	2.964305
215	2.96657
215	2.465591
215	2.969069
215	2.537553
299	3.040014
299	3.009711
299	3.052105
299	2.438094
299	2.756084
299	3.058731
299	2.422754
299	2.436899
299	2.600083
299	2.783453
349	1.991937
349	2.957179
349	2.954417
349	2.962759
349	1.992301
349	2.965492
349	2.955092
349	2.947809
349	2.952405
349	2.989886
105	2.939254
105	2.961838
105	3.891159
105	2.935465
105	2.908829
105	2.936101
105	2.932561
105	3.878352
105	2.915351
105	2.903278
194	2.952285
194	2.583322
194	2.555115
194	2.470362
194	2.036859
194	2.470976
194	2.4862
194	2.479245
194	2.119207
194	2.485416
248	2.004182
248	2.345471
248	2.239295
248	2.453834
248	2.040137
248	2.308093
248	2.085631
248	1.9984
248	2.085372
248	2.490576
298	2.941741
298	2.576809
298	2.559171
298	2.606952
298	2.933389
298	2.574572
298	2.579635
298	2.561303
298	2.445818
298	2.334306
59	3.285775
59	3.294218
59	3.285607
59	3.09285
59	3.182098
59	3.29548
59	2.95311
59	3.226559
59	3.140079
59	3.276738
109	3.740649
109	3.696082
109	3.72457
109	3.724241
109	3.736728
109	3.703838
109	3.734842
109	3.729382
109	3.736649
109	2.777677
162	2.832509
162	2.814536
162	2.876921
162	2.865069
162	2.859155
162	2.451877
162	2.859089
162	2.875149
162	2.847765
162	2.866824
216	2.94774
216	2.939715
216	2.945905
216	2.948376
216	2.946882
216	2.948846
216	2.938443
216	2.94334
216	2.945633
216	2.925811
284	3.177136
284	3.184012
284	2.629456
284	3.160453
284	2.230772
284	2.313108
284	3.173959
284	3.18731
284	3.179457
284	2.234821
339	3.176657
339	2.956085
339	3.157921
339	3.104964
339	3.141489
339	3.124722
339	3.010054
339	2.957659
339	3.171614
339	3.166014
103	2.950019
103	3.82781
103	3.820804
103	2.941779
103	3.826545
103	3.829072
103	3.818426
103	3.809888
103	3.823823
103	2.853232
163	2.024804
163	2.423404
163	2.21521
163	2.101343
163	2.900818
163	2.933322
163	2.94027
163	2.605118
163	2.041878
163	2.093354
235	2.953088
235	2.458415
235	2.489109
235	1.976302
235	2.357873
235	2.455176
235	2.214657
235	2.321324
235	2.153232
235	2.956175
300	3.304011
300	3.303629
300	3.299363
300	3.299956
300	3.299057
300	3.307995
300	3.307789
300	3.301832
300	3.303941
300	3.287606
