347.339
309.721
356.635
384.338
408.683
340.354
402.639
381.76
289.728
294.413
380.198
364.283
391.019
368.155
385.924
323.871
361.161
379.166
343.424
355.443
291.468
390.128
382.337
293.421
412.604
318.403
367.896
358.047
289.158
290.116
359.558
417.612
356.241
363.412
367.81
400.536
385.794
404.817
355.084
355.93
406.989
421.841
431.741
310.41
403.257
416.299
406.738
414.591
349.084
358.864
399.386
396.871
362.128
354.918
381.845
369.328
397.426
375.829
338.604
388.927
402.922
418.61
363.306
338.54
353.319
402.345
378.211
401.799
418.385
361.379
361.847
396.317
349.941
372.857
355.59
356.356
365.696
417.471
405.491
364.11
359.389
394.169
362.14
354.563
337.69
403.764
356.418
413.732
355.964
422.939
354.888
355.221
298.521
356.084
411.001
383.086
420.889
379.946
419.313
359.643
