11.456
37.552
11.24
11.321
11.14
37.539
11.152
11.148
11.205
37.139
36.907
11.171
11.22
11.433
11.291
11.209
37.391
11.395
36.668
36.947
10.855
36.927
11.418
36.144
11.091
37.274
36.354
11.48
11.502
35.918
11.206
37.01
37.258
11.191
11.233
11.259
11.289
11.139
11.094
10.991
11.411
36.824
11.688
36.859
11.099
37.113
11.312
11.235
11.162
36.903
11.356
11.113
36.348
11.227
36.87
11.41
11.392
36.653
36.956
11.299
37.168
10.926
11.431
37.46
36.415
11.233
11.304
11.273
37.24
36.949
11.319
36.753
36.616
36.78
37.188
37.084
36.716
11.464
11.411
11.2
10.986
11.228
11.134
11.321
11.285
11.427
10.893
11.179
10.986
36.586
11.198
36.806
36.499
10.928
11.043
11.505
11.206
36.375
11.441
36.317
