1797.528
1773.968
1650.291
2074.119
1749.254
1914.56
2006.395
1918.395
2055.363
1773.722
1821.24
1705.446
1801.836
1718.61
1982.677
1932.295
1602.754
1929.263
1833.499
1986.824
2014.314
2001.921
1730.539
1763.804
1810.026
1960.478
1656.19
1688.058
1747.269
2054.689
1752.841
1615.05
1838.446
1884.258
1609.374
1891.836
1946.709
1852.067
1911.234
1809.552
2053.423
1841.732
2040.928
1919.885
1706.95
2092.828
1868.937
1931.837
1885.767
1809.453
1984.676
1900.471
1873.685
1801.068
1845.376
1877.024
1938.163
1893.438
1879.382
1991.417
1685.174
1981.181
1917.036
1899.636
1774.484
1948.079
1648.759
1964.393
1892.91
1697.539
1814.548
1899.478
2020.726
2100.685
1902.763
2017.478
2080.991
1868.771
1922.725
1698.611
1822.612
2064.041
2014.293
1897.194
1624.886
1959.447
1903.462
1873.154
1794.672
1841.131
1755.038
1983.443
1760.939
1846.974
2044.081
1780.221
1828.029
1848.137
2013.161
2037.811
