36.865
45.333
45.039
36.426
35.646
36.563
44.732
44.722
35.141
36.434
45.232
36.777
35.455
44.958
45.011
35.65
35.616
36.783
36.004
45.089
45.574
36.621
45.121
44.682
45.254
36.511
36.522
35.931
45.131
35.853
44.952
36.47
36.039
45.23
44.965
35.5
44.301
35.601
36.24
44.499
35.638
45.265
45.12
36.034
35.67
35.93
36.025
45.607
45.137
37.134
36.398
45.016
35.885
45.324
45.002
45.332
35.95
35.976
45.199
45.257
36.116
35.94
45.244
45.344
36.611
45.385
35.091
45.377
35.923
45.017
45.233
36.434
35.454
35.95
45.223
36.137
36.022
35.565
36.189
36.334
36.474
36.453
35.711
45.606
45.091
45.272
45.017
45.378
36.288
44.948
35.435
35.967
35.818
36.189
36.178
36.306
45.472
36.682
45.402
35.989
